-,-,-
-40.771484, -433.349609, 870.605469
86.425781, -343.505859, 807.617188
-64.697266, -498.779297, 926.757812
-47.119141, -392.822266, 903.320312
-33.935547, -446.044922, 896.484375
-73.486328, -409.912109, 878.906250
-95.947266, -457.763672, 920.898438
-191.650391, -340.576172, 961.425781
-1818.115234, -558.837891, 1420.410156
-1999.755859, -1175.537109, 1511.230469
-1182.861328, 419.433594, -1027.587891
1999.755859, 1999.755859, 1999.755859
1999.755859, 1999.755859, 918.945312
-155.029297, 345.703125, 1203.125000
-1999.755859, -1999.755859, 950.195312
-635.498047, -449.462891, 763.671875
-159.912109, -346.435547, 876.953125
-275.146484, -458.740234, 721.679688
-144.775391, -406.982422, 1090.332031
-101.806641, -444.091797, 855.468750
-,-,-
31.738281, -479.736328, 925.781250
61.523438, -330.322266, 796.875000
37.597656, -451.416016, 947.265625
17.578125, -419.677734, 872.070312
109.863281, -286.865234, 890.625000
-409.912109, -351.318359, 1050.781250
-1999.755859, -922.607422, 1564.453125
-1999.755859, -1601.806641, 577.636719
1999.755859, 1999.755859, 109.375000
1999.755859, 1999.755859, 1999.755859
1999.755859, 1716.308594, 938.964844
-1999.755859, -199.951172, 1065.917969
-1999.755859, -1481.201172, 1445.800781
-1345.458984, -547.119141, 768.554688
207.519531, 79.101562, 1101.562500
383.300781, -23.193359, 1053.710938
142.089844, -296.630859, 1029.785156
-58.837891, -465.576172, 1006.835938
-,-,-
-74.951172, -300.537109, 949.218750
-82.763672, -286.865234, 941.406250
-81.787109, -350.341797, 975.585938
-79.345703, -261.474609, 895.507812
-16.845703, -260.498047, 970.703125
9.277344, -224.365234, 969.238281
-567.626953, 119.140625, 1265.625000
-1999.755859, -831.787109, 1801.269531
-1999.755859, -1167.724609, 982.421875
1378.417969, 1264.160156, -270.263672
1999.755859, 1854.980469, 1889.648438
1999.755859, 1999.755859, 1999.755859
311.523438, 1081.054688, 1397.460938
-1999.755859, -1523.681641, 78.125000
-1508.056641, -502.685547, 1392.089844
-739.501953, -449.462891, 737.792969
39.550781, -150.634766, 1068.359375
-112.060547, -325.927734, 1141.601562
-122.314453, -366.943359, 904.296875
-79.345703, -363.525391, 995.117188
-,-,-
-2.197266, -340.576172, 946.289062
22.949219, -325.927734, 991.210938
-50.537109, -341.552734, 952.148438
-16.845703, -284.912109, 923.828125
-10.009766, -320.068359, 943.359375
95.703125, -225.341797, 865.234375
-40.771484, -106.201172, 864.257812
-1999.755859, -196.533203, 1694.824219
-1999.755859, -1517.822266, 1999.755859
-285.400391, 1270.019531, -1181.396484
1999.755859, 1999.755859, 1467.773438
1999.755859, 1999.755859, 1955.078125
-717.529297, 1147.460938, 987.304688
-1999.755859, -1908.447266, 1903.808594
-1999.755859, -1071.044922, 703.613281
205.566406, 371.093750, 1279.296875
161.132812, 56.640625, 954.101562
22.460938, -191.162109, 941.406250
-,-,-
60.546875, -237.060547, 987.304688
78.613281, -162.841797, 917.968750
36.621094, -257.568359, 974.609375
77.636719, -125.732422, 942.382812
56.152344, -201.904297, 963.378906
18.554688, -240.478516, 936.523438
38.085938, -172.607422, 956.054688
57.617188, -252.685547, 1008.789062
89.843750, 94.726562, 880.859375
-1089.111328, 1129.882812, 1369.140625
-1999.755859, -1362.548828, 1999.755859
-1898.193359, 182.128906, -296.142578
1999.755859, 1999.755859, 1999.755859
1999.755859, 1191.894531, 849.609375
1490.722656, 1920.898438, 1777.832031
-1999.755859, -1201.416016, 1776.855469
-1999.755859, -647.216797, 1310.058594
-904.052734, -351.318359, 886.718750
-296.630859, -283.935547, 1003.906250
-,-,-
41.992188, -316.162109, 943.359375
41.015625, -253.662109, 968.750000
15.136719, -277.099609, 945.312500
-22.216797, -274.169922, 994.628906
-32.470703, -275.146484, 1034.179688
-102.294922, -277.099609, 1011.718750
60.546875, -264.404297, 904.785156
396.484375, -191.162109, 850.585938
1034.179688, -348.388672, 723.632812
347.167969, 1324.218750, 1144.531250
-1999.755859, -1900.146484, 1999.755859
-1999.755859, -1261.474609, 1400.390625
1318.847656, 1999.755859, -488.525391
1999.755859, 1999.755859, 1119.628906
1999.755859, 1999.755859, 403.320312
1006.835938, 1625.976562, 1999.755859
-1999.755859, 284.179688, 1011.718750
-1999.755859, -935.791016, 1530.273438
-899.658203, -565.185547, 559.570312
-591.552734, -491.943359, 1112.304688
70.800781, -256.591797, 1224.121094
-,-,-
107.421875, -239.501953, 971.679688
108.398438, -152.587891, 941.406250
58.105469, -280.029297, 997.558594
71.777344, -254.638672, 968.750000
97.656250, -301.025391, 948.242188
76.171875, -290.771484, 938.476562
146.484375, -400.146484, 925.781250
104.003906, 163.085938, 957.031250
-1999.755859, -643.798828, 1999.755859
-1999.755859, -1185.791016, 1999.755859
-1327.880859, 1998.535156, -777.587891
1999.755859, 1999.755859, 1999.755859
1999.755859, 1955.078125, 625.976562
1941.406250, 1670.410156, 1636.718750
-1999.755859, -1174.072266, 1999.755859
-1999.755859, -309.326172, 1437.500000
-1209.228516, -342.529297, 468.750000
-494.384766, -239.501953, 815.429688
-360.107422, -309.814453, 1382.812500
-,-,-
135.742188, -190.185547, 919.921875
75.195312, -332.275391, 958.007812
95.703125, -241.455078, 916.992188
94.238281, -299.560547, 951.171875
93.261719, -231.201172, 967.285156
-501.220703, -249.755859, 1273.437500
-1999.755859, -659.912109, 1999.755859
-1999.755859, -8.544922, 1481.933594
-1217.041016, 693.847656, 1326.171875
1999.755859, 1999.755859, 1399.414062
1999.755859, 1999.755859, 1190.917969
1357.421875, 1999.755859, 1567.382812
-1999.755859, 1431.152344, 1999.755859
-1831.298828, 687.988281, 758.300781
-,-,-
109.375000, -189.208984, 953.125000
100.585938, -156.005859, 982.421875
37.597656, -271.728516, 1004.882812
138.671875, -153.076172, 967.773438
291.015625, -160.888672, 971.679688
491.699219, -46.630859, 940.429688
487.304688, 29.785156, 1054.687500
-1999.755859, -632.080078, 1999.755859
-1999.755859, -1167.236328, 1807.128906
850.097656, 1468.750000, -966.064453
1999.755859, 1999.755859, 1999.755859
1999.755859, 1999.755859, 1189.941406
35.156250, 1224.609375, 1413.574219
-1999.755859, -1722.900391, 1748.046875
-1866.455078, -408.935547, 846.191406
-467.529297, -146.240234, 765.625000
78.613281, -105.224609, 925.781250
-,-,-
65.429688, -302.001953, 1009.765625
80.078125, -233.154297, 965.332031
141.113281, -154.052734, 872.070312
29.296875, -261.474609, 989.257812
-757.080078, -518.798828, 1391.601562
-1893.798828, -728.271484, 1415.527344
-1717.041016, -504.638672, 1342.773438
-247.802734, 1103.515625, 1083.007812
1999.755859, 1999.755859, 1186.523438
1999.755859, 1999.755859, 1606.933594
1964.355469, 1999.755859, 629.882812
-1483.154297, 204.589844, 711.425781
-1999.755859, -374.755859, 859.375000
-,-,-
152.832031, -209.716797, 945.312500
93.261719, -346.435547, 963.378906
104.003906, -276.123047, 965.332031
99.121094, -273.681641, 983.398438
95.703125, -229.248047, 951.171875
75.195312, -268.798828, 958.984375
79.101562, -246.826172, 952.148438
127.441406, -205.810547, 966.796875
128.417969, -288.818359, 949.218750
263.183594, -108.154297, 878.906250
383.300781, -21.240234, 764.648438
-453.369141, -266.357422, 1323.730469
-1999.755859, -1310.302734, 1999.755859
-1999.755859, -706.298828, 1977.539062
1587.890625, 1328.613281, -577.880859
1999.755859, 1999.755859, 1999.755859
205.566406, 647.949219, 670.898438
-1944.091797, -1376.708984, 777.832031
-1732.177734, -1410.888672, 1273.437500
-158.935547, -200.927734, 989.746094
531.738281, 152.832031, 1489.746094
312.500000, -200.927734, 996.582031
41.992188, -362.548828, 837.402344
-6.591797, -348.388672, 905.273438
2.441406, -427.001953, 882.812500
95.703125, -287.841797, 938.476562
136.718750, -279.052734, 1002.441406
183.105469, -203.857422, 1054.687500
79.589844, -263.427734, 1002.929688
-,-,-
50.292969, -396.240234, 912.109375
177.734375, -160.888672, 951.171875
74.218750, -360.595703, 1017.578125
129.882812, -212.158203, 984.375000
122.070312, -233.154297, 1011.718750
87.402344, -265.380859, 951.171875
99.609375, -231.201172, 970.703125
105.468750, -233.154297, 953.125000
166.015625, -210.693359, 938.476562
328.613281, -117.431641, 944.824219
-214.599609, 61.523438, 1232.421875
-1999.755859, -1078.857422, 1999.755859
-1999.755859, -200.439453, 1986.816406
903.808594, 1351.562500, -108.642578
1999.755859, 1999.755859, 1645.996094
1999.755859, 1999.755859, 380.859375
-1999.755859, -1243.408203, 1544.433594
-1999.755859, -798.583984, 1632.812500
-1551.025391, -1320.068359, 1102.050781
618.652344, 227.539062, 1188.964844
808.593750, 306.640625, 1064.941406
100.097656, -378.662109, 827.148438
-91.552734, -280.029297, 948.242188
-47.119141, -420.654297, 924.804688
41.015625, -404.052734, 1039.062500
190.917969, -234.130859, 1169.921875
212.890625, -187.255859, 1010.742188
163.085938, -170.654297, 936.035156
-,-,-
355.468750, -313.232422, 1005.859375
438.476562, -72.021484, 768.554688
416.992188, -219.482422, 1079.101562
333.496094, -207.763672, 825.195312
351.074219, -179.443359, 913.085938
354.492188, -162.841797, 949.218750
349.121094, -142.333984, 824.218750
367.187500, -198.974609, 1001.953125
356.933594, -114.013672, 873.046875
360.351562, -213.623047, 886.718750
424.804688, -93.505859, 903.320312
260.253906, -152.099609, 1029.785156
-1535.888672, -513.916016, 1999.755859
-1999.755859, -91.064453, 1999.755859
485.351562, 1521.484375, 122.558594
1999.755859, 1999.755859, -739.501953
1999.755859, 1999.755859, -333.251953
13.671875, 1949.218750, 1102.539062
-1999.755859, -1999.755859, 1999.755859
-1354.248047, -585.693359, 1999.755859
-660.400391, -1348.388672, 1553.710938
529.296875, -106.201172, 909.179688
686.523438, 90.332031, 1255.371094
472.656250, -115.966797, 787.109375
285.644531, -332.275391, 832.031250
-,-,-
-343.994141, -393.310547, 835.449219
-260.498047, -258.544922, 854.492188
-277.587891, -345.458984, 967.285156
-283.935547, -303.955078, 779.296875
-206.787109, -259.521484, 936.523438
-31.494141, -154.052734, 1013.671875
-1417.236328, -394.775391, 1221.191406
-1999.755859, -548.095703, 348.144531
-1999.755859, 2.929688, -391.357422
1956.542969, 1999.755859, 1922.851562
1999.755859, 1999.755859, 1999.755859
1328.613281, 313.476562, 1649.902344
-1343.505859, -475.830078, 1062.011719
-1530.517578, -815.673828, 312.500000
-879.638672, -331.298828, 536.132812
-699.462891, -697.998047, 815.429688
-317.626953, -165.771484, 789.062500
-194.580078, -325.927734, 991.210938
-281.982422, -541.748047, 909.179688
-,-,-
159.179688, -192.138672, 942.382812
158.691406, -191.162109, 951.171875
183.105469, -194.091797, 958.007812
167.480469, -234.130859, 927.734375
274.414062, -75.927734, 1107.421875
-1033.447266, -285.888672, 1937.011719
-1999.755859, -1653.564453, 1999.755859
-687.255859, 525.878906, -520.751953
1999.755859, 1999.755859, 1999.755859
1999.755859, 1999.755859, 1567.382812
1459.960938, 666.503906, 831.054688
-1346.435547, 385.253906, 1590.820312
-1379.638672, -509.033203, 49.804688
-,-,-
133.300781, -300.537109, 864.257812
8.789062, -487.060547, 852.539062
-3.662109, -322.998047, 882.812500
38.574219, -321.044922, 1037.109375
-277.099609, -138.427734, 1090.820312
-1999.755859, -278.564453, 1445.800781
-1999.755859, -501.220703, 1062.011719
1725.097656, 1586.914062, 327.636719
1999.755859, 1999.755859, 1999.755859
1999.755859, 1999.755859, 785.644531
-1666.748047, 1012.695312, 1223.144531
-1999.755859, -1256.591797, 671.875000
-1423.095703, -798.583984, 811.523438
-,-,-
-100.830078, -254.638672, 921.875000
-112.060547, -337.646484, 930.175781
-68.115234, -272.705078, 948.242188
-53.955078, -287.841797, 1019.531250
-9.033203, -101.318359, 965.332031
-1999.755859, -381.591797, 1546.386719
-1999.755859, -1558.349609, 1503.906250
1182.617188, 1643.554688, -1283.935547
1999.755859, 1999.755859, 1999.755859
839.843750, 1698.730469, 797.363281
-1999.755859, -1351.318359, 1018.554688
-1999.755859, -295.654297, 744.140625
-1390.869141, -830.810547, 948.242188
683.593750, 324.218750, 1494.140625
426.757812, 65.917969, 1078.125000
-248.779297, -456.298828, 896.972656
-,-,-
65.429688, -283.935547, 898.437500
41.015625, -302.001953, 954.101562
92.285156, -293.701172, 1079.101562
155.273438, -306.396484, 1070.312500
327.148438, -163.818359, 925.781250
299.804688, 25.390625, 1112.304688
-1999.755859, -827.392578, 1999.755859
-1999.755859, -1983.154297, 1293.457031
-20.751953, 1351.562500, -96.435547
1999.755859, 1999.755859, 1999.755859
1999.755859, 1999.755859, 1999.755859
-1999.755859, 1999.755859, 1999.755859
-1999.755859, -1234.130859, -140.869141
-1999.755859, -472.900391, -136.474609
-781.982422, -1093.017578, 762.695312
693.359375, 386.718750, 1754.882812
551.269531, -45.654297, 1019.531250
15.625000, -453.369141, 865.234375
-,-,-
63.964844, -330.810547, 964.355469
86.425781, -293.701172, 997.558594
113.281250, -265.380859, 949.218750
69.824219, -176.513672, 936.523438
-1375.732422, -648.193359, 1539.550781
-1999.755859, -1124.755859, 1398.437500
-534.912109, 43.945312, -22.216797
1999.755859, 1999.755859, 1999.755859
1999.755859, 1999.755859, 1839.355469
-210.693359, 329.101562, 1306.640625
-1999.755859, -1678.955078, 778.808594
-1743.896484, -915.771484, 365.234375
-1089.111328, -1039.306641, 1168.945312
156.250000, 3.417969, 1135.742188
313.476562, -203.857422, 1260.742188
92.773438, -381.591797, 1014.648438
-98.388672, -436.279297, 867.187500
-88.134766, -438.232422, 870.117188
23.925781, -332.275391, 886.718750
46.875000, -335.693359, 901.855469
-,-,-
-83.740234, -360.595703, 1011.718750
-62.744141, -217.529297, 914.062500
-8.056641, -230.224609, 1050.781250
42.968750, -243.896484, 966.796875
225.097656, -172.607422, 942.382812
789.550781, 41.015625, 1382.812500
305.664062, 277.343750, 1427.734375
-1999.755859, -1264.404297, 1447.753906
-1999.755859, -1526.123047, 797.363281
1192.871094, 1999.755859, 862.792969
1999.755859, 1999.755859, 1999.755859
1999.755859, 1346.191406, 1386.230469
-1999.755859, -1273.681641, 1133.789062
-1999.755859, -1019.775391, 120.605469
-,-,-
-1999.755859, -703.369141, 1673.339844
-1999.755859, -449.951172, 677.734375
-1999.755859, -683.837891, 1129.394531
1999.755859, 1999.755859, 567.871094
1999.755859, 1999.755859, 1999.755859
1999.755859, 1628.417969, 1016.601562
-1951.904297, 114.257812, 1650.878906
-1999.755859, -1260.498047, 307.617188
-1759.521484, -796.142578, 893.066406
-348.876953, -432.861328, 754.882812
413.574219, 26.367188, 1224.121094
-,-,-
83.496094, -457.763672, 1095.214844
19.531250, -318.115234, 921.875000
-60.302734, -391.357422, 951.171875
-210.693359, -318.115234, 972.656250
-206.298828, -235.107422, 881.835938
-1999.755859, -1058.837891, 1818.359375
-1999.755859, -471.435547, 1766.113281
811.035156, 1999.755859, 599.609375
1999.755859, 1999.755859, 1999.755859
1853.515625, 1999.755859, 656.250000
-1999.755859, -1794.677734, 1999.755859
-1999.755859, -821.533203, 20.019531
-1169.677734, -281.005859, 1428.710938
-34.912109, -322.998047, 784.179688
-,-,-
152.832031, -206.787109, 892.578125
83.984375, -422.607422, 1005.859375
206.054688, -169.677734, 903.808594
-74.462891, 30.273438, 936.523438
-1999.755859, -1733.154297, 1999.755859
-1999.755859, 657.714844, 1294.433594
1999.755859, 1999.755859, 1597.167969
1999.755859, 1999.755859, 1999.755859
1236.328125, 1999.755859, 416.503906
-,-,-
194.335938, -112.060547, 845.703125
119.628906, -376.708984, 1009.765625
206.542969, -152.587891, 872.070312
273.437500, -168.701172, 752.929688
-214.111328, 192.382812, 745.605469
-1999.755859, -1999.755859, 1999.755859
-1999.755859, 1055.175781, 1849.609375
1999.755859, 1999.755859, 683.593750
1999.755859, 1999.755859, 1023.437500
-468.994141, 1347.656250, 944.824219
-1999.755859, -1469.482422, 1999.755859
-1858.154297, 242.675781, 1362.304688
-929.931641, -649.658203, 829.589844
559.570312, -134.521484, 1230.468750
678.710938, -20.263672, 1396.484375
-,-,-
-239.501953, 230.468750, 1072.265625
-1999.755859, -1015.380859, 1999.755859
-1999.755859, 197.265625, 1999.755859
1999.755859, 1999.755859, 1406.250000
1999.755859, 1999.755859, -244.873047
231.933594, 1432.617188, 1215.820312
-1999.755859, -534.912109, 1999.755859
-1999.755859, -436.279297, 1999.755859
-791.748047, -495.849609, 1162.109375
623.046875, 68.359375, 1242.187500
722.656250, 137.695312, 1147.460938
325.683594, -187.255859, 846.679688
233.398438, -345.458984, 856.445312
213.867188, -164.794922, 790.039062
-,-,-
385.253906, -31.982422, 1029.785156
-209.716797, -2.197266, 1972.167969
-1594.482422, -379.638672, 1999.755859
-1999.755859, -710.693359, 1075.195312
-389.892578, -295.166016, -1499.755859
1999.755859, 1999.755859, 1378.417969
1999.755859, 1999.755859, 1747.070312
-1999.755859, 131.835938, 1656.250000
-1999.755859, -857.177734, 982.421875
-1599.853516, -462.646484, 1955.566406
-239.501953, -575.439453, 996.582031
595.214844, 29.296875, 1314.453125
576.660156, -31.982422, 1024.414062
366.699219, -216.552734, 832.031250
-,-,-
325.683594, -269.775391, 844.726562
-602.294922, 68.359375, 1112.304688
-1999.755859, -979.736328, 1999.755859
-1999.755859, -98.388672, 1927.734375
1558.105469, 1876.464844, 1199.218750
1999.755859, 1999.755859, 1845.703125
1999.755859, 1999.755859, -444.580078
-1999.755859, -969.482422, 1099.121094
-1999.755859, -463.623047, 1760.253906
-1624.755859, -1442.626953, 1509.277344
229.980469, -231.201172, 1070.312500
829.101562, 295.898438, 1264.648438
-,-,-
331.054688, -350.341797, 1094.238281
51.757812, 156.738281, 1060.058594
-1999.755859, -709.716797, 1999.755859
-1999.755859, -332.275391, 1999.755859
-151.611328, 801.757812, -60.791016
1999.755859, 1999.755859, 1892.578125
1999.755859, 1999.755859, 354.003906
-960.693359, 389.160156, 1093.261719
-1999.755859, -1302.978516, 1110.351562
-1090.087891, -499.755859, 1246.093750
1.953125, 4.882812, 982.421875
-,-,-
342.773438, -242.431641, 890.625000
211.425781, -56.396484, 908.203125
-1999.755859, -750.732422, 1999.755859
-1999.755859, -1655.029297, 1999.755859
-1632.080078, 1999.755859, 1397.949219
1999.755859, 1999.755859, 1999.755859
1999.755859, 1999.755859, 65.429688
-1365.966797, 1052.246094, 1668.457031
-1999.755859, -1055.908203, 1999.755859
-1999.755859, -1155.517578, 1172.851562
-,-,-
280.761719, -197.021484, 915.039062
278.808594, -198.974609, 933.105469
265.625000, -221.435547, 945.312500
300.292969, -159.912109, 919.921875
283.203125, -194.091797, 923.828125
277.832031, -178.955078, 950.195312
65.917969, -74.951172, 987.304688
-1999.755859, -1396.728516, 1999.755859
-1999.755859, 352.050781, 1999.755859
244.628906, 1390.136719, 1182.617188
1999.755859, 1999.755859, 1999.755859
1999.755859, 1999.755859, 66.894531
-18.798828, 241.699219, 640.625000
-1248.291016, -193.115234, 1124.023438
-835.205078, -60.791016, 1207.031250
-801.513672, -162.353516, 1570.312500
-817.626953, -453.857422, 1365.234375
-328.857422, -375.732422, 1412.109375
-,-,-
366.699219, -83.740234, 882.812500
145.019531, -315.185547, 1060.546875
-189.697266, -235.107422, 1102.539062
-1403.076172, -567.138672, 1663.085938
-1386.474609, -156.494141, 1327.148438
-753.662109, -83.251953, 1231.445312
791.992188, 903.808594, 1084.960938
1999.755859, 1999.755859, 1097.167969
1999.755859, 1708.007812, 688.476562
1936.523438, 1187.500000, 510.253906
553.710938, 1166.015625, 817.382812
-1357.177734, -21.240234, 954.101562
-1542.236328, -156.982422, 1986.328125
-,-,-
-267.333984, -174.072266, 1210.937500
-1603.759766, -928.466797, 1657.226562
-1191.650391, -272.705078, 1290.039062
-388.916016, 231.445312, 1111.328125
1283.203125, 1296.875000, 1621.093750
1989.257812, 1516.601562, 970.214844
1834.472656, 1020.507812, 476.562500
1294.921875, 636.230469, 676.757812
787.597656, 279.296875, 627.929688
303.222656, 245.605469, 869.628906
-1.708984, 220.703125, 808.593750
-229.736328, 365.722656, 1354.980469
-694.580078, -225.341797, 1581.542969
-643.798828, -395.263672, 1319.824219
-372.802734, -268.310547, 1242.187500
-,-,-
-156.982422, -518.798828, 1156.250000
-798.095703, -365.478516, 1239.257812
-1389.404297, -467.529297, 1234.375000
-925.537109, -160.888672, 1173.828125
-253.173828, 282.226562, 1244.140625
937.988281, 689.453125, 1535.156250
1837.402344, 1319.335938, 998.535156
1999.755859, 1058.593750, 739.746094
1585.937500, 810.546875, 669.921875
943.359375, 656.250000, 743.164062
301.269531, 524.414062, 859.375000
-404.052734, 653.320312, 1023.925781
-,-,-
-1540.771484, -1008.056641, 1502.929688
-1395.263672, -354.736328, 1351.074219
-854.248047, -160.888672, 1477.539062
875.488281, 1777.343750, 1411.132812
1999.755859, 1999.755859, 1273.437500
1999.755859, 1999.755859, 214.843750
968.261719, 1806.640625, 389.648438
-1999.755859, -916.748047, 1999.755859
-1515.380859, -866.943359, 1069.335938
-778.564453, -427.978516, 1670.410156
22.460938, -197.021484, 1189.941406
416.015625, -8.544922, 949.218750
-,-,-
-1999.755859, -350.341797, 1562.500000
-1999.755859, -398.681641, 1829.589844
845.703125, 1697.753906, 1642.089844
1999.755859, 1999.755859, 1379.394531
1999.755859, 1999.755859, -235.107422
1190.429688, 1124.511719, 409.179688
-508.056641, 930.664062, 1126.464844
-,-,-
343.750000, -190.185547, 915.039062
414.062500, -87.646484, 931.152344
342.773438, -191.162109, 1007.812500
257.812500, -213.134766, 880.859375
69.335938, -78.857422, 1051.757812
-1879.150391, -750.244141, 1999.755859
-1999.755859, -700.927734, 1999.755859
140.625000, 881.347656, 89.355469
1999.755859, 1999.755859, 1999.755859
1999.755859, 1938.964844, 584.472656
-83.740234, 79.101562, 913.085938
-1929.443359, -1353.759766, 1461.914062
-1368.408203, -762.939453, 1247.070312
-202.880859, -198.974609, 1102.539062
-,-,-
344.726562, -156.005859, 896.484375
297.363281, -255.615234, 921.875000
320.312500, -157.958984, 920.898438
270.996094, -212.646484, 930.175781
217.773438, -136.474609, 961.425781
-752.685547, -614.990234, 1479.492188
-1999.755859, -1287.841797, 1999.755859
-1931.396484, -735.107422, 1148.437500
956.542969, 1999.755859, 653.808594
1999.755859, 1999.755859, 1796.386719
1783.203125, 1999.755859, 172.851562
-1999.755859, -972.412109, 1550.781250
-1913.818359, -659.912109, 912.109375
-1481.201172, -726.806641, 1441.406250
-276.611328, -308.837891, 862.792969
414.062500, -69.091797, 1209.960938
-,-,-
192.871094, -211.181641, 926.757812
293.457031, -93.017578, 851.562500
198.730469, -311.279297, 1013.671875
202.148438, -176.513672, 883.789062
189.941406, -260.498047, 939.453125
229.492188, -97.412109, 881.835938
-1131.591797, -281.982422, 1515.136719
-1999.755859, -694.580078, 1999.755859
-1603.271484, 452.636719, 1088.378906
1999.755859, 1999.755859, 1999.755859
1999.755859, 1999.755859, -30.517578
-131.591797, 136.718750, 577.636719
-1999.755859, -486.572266, 1744.628906
-1174.560547, -81.787109, 1290.527344
-453.369141, -200.927734, 1208.007812
-97.900391, -312.255859, 1001.953125
11.718750, -162.841797, 901.855469
83.984375, -281.005859, 1016.601562
142.578125, -264.404297, 966.308594
-,-,-
229.003906, -206.787109, 965.332031
205.078125, -188.232422, 936.523438
177.734375, -209.228516, 973.632812
203.125000, -190.185547, 943.359375
208.007812, -220.458984, 997.558594
259.765625, -139.404297, 955.078125
-284.912109, -236.083984, 1228.027344
-1999.755859, -1474.365234, 1999.755859
-1999.755859, 258.789062, 853.515625
1563.476562, 1999.755859, 1739.746094
1999.755859, 1999.755859, 1138.671875
1802.734375, 1999.755859, 265.136719
-1999.755859, -512.939453, 1999.755859
-1999.755859, -103.271484, 1636.230469
-1999.755859, -1287.841797, 1547.363281
-81.298828, -179.931641, 704.589844
804.687500, 340.820312, 1626.953125
481.445312, -131.591797, 900.878906
-,-,-
191.894531, -179.931641, 901.855469
196.777344, -204.833984, 998.535156
191.894531, -256.591797, 1003.906250
292.480469, -148.681641, 968.750000
221.191406, -206.787109, 948.242188
247.070312, -162.841797, 924.804688
216.796875, -150.146484, 940.429688
-1149.169922, -342.529297, 1677.246094
-1999.755859, -489.501953, 1999.755859
-520.263672, 261.718750, 432.617188
1999.755859, 1999.755859, 1741.699219
1999.755859, 1999.755859, 290.527344
-510.498047, 1183.105469, 1444.824219
-1999.755859, -1330.322266, 1999.755859
-1999.755859, -638.427734, 1688.476562
-245.361328, -93.017578, 1165.527344
592.773438, -94.482422, 1083.007812
632.812500, -12.451172, 1066.894531
-,-,-
255.859375, -159.912109, 878.906250
245.605469, -265.380859, 987.304688
217.773438, -205.810547, 929.687500
205.566406, -256.591797, 961.425781
201.171875, -203.857422, 925.781250
263.671875, -172.607422, 999.023438
162.109375, -240.478516, 963.378906
-300.048828, -217.529297, 1171.875000
-1999.755859, -1543.701172, 1999.755859
-1999.755859, 394.042969, 1130.371094
1999.755859, 1999.755859, 1784.179688
1999.755859, 1999.755859, 399.414062
-504.150391, 476.074219, 693.847656
-1555.908203, -632.080078, 575.683594
-1973.876953, -588.623047, 1999.755859
-596.923828, -259.521484, 638.671875
267.578125, -42.724609, 1291.503906
274.414062, -33.447266, 1180.175781
-,-,-
176.269531, -153.564453, 981.445312
127.441406, -262.451172, 975.585938
177.734375, -164.794922, 928.710938
188.476562, -163.818359, 994.140625
223.144531, -131.591797, 926.757812
-1732.666016, -453.369141, 1999.755859
-1999.755859, -761.962891, 1999.755859
-479.736328, 751.464844, -421.142578
1999.755859, 1999.755859, 1893.066406
1999.755859, 1999.755859, 440.429688
-792.236328, 1342.285156, 1233.886719
-1999.755859, -1947.509766, 627.929688
-1526.611328, -202.880859, 1775.878906
-226.806641, 46.386719, 1388.671875
214.355469, -319.580078, 1413.574219
674.316406, 126.464844, 1352.050781
276.367188, -158.935547, 760.742188
72.753906, -298.095703, 802.246094
-,-,-
199.218750, -90.576172, 910.156250
89.843750, -274.169922, 974.609375
150.878906, -125.732422, 936.035156
150.878906, -151.123047, 999.511719
198.730469, -111.083984, 1001.953125
223.144531, -112.548828, 982.421875
164.062500, -104.248047, 1044.921875
-1156.982422, -406.005859, 1779.785156
-1999.755859, -648.193359, 1999.755859
-1002.197266, 230.468750, 1533.203125
1999.755859, 1999.755859, -406.005859
1999.755859, 1999.755859, 103.027344
-989.990234, 104.003906, 928.222656
-1999.755859, -1008.544922, 1387.207031
-1468.505859, -647.216797, 1667.480469
37.597656, -166.748047, 1036.132812
443.847656, -113.037109, 1089.843750
482.421875, 30.761719, 965.332031
167.968750, -400.146484, 964.355469
40.039062, -380.615234, 918.945312
26.367188, -362.548828, 1059.570312
-,-,-
285.644531, -88.623047, 904.296875
291.015625, -137.451172, 985.351562
245.117188, -215.576172, 918.945312
307.128906, -143.310547, 969.238281
621.582031, -111.083984, 886.718750
232.421875, 586.914062, 1080.078125
-1999.755859, -1999.755859, 1999.755859
-1999.755859, 1100.585938, 606.933594
1999.755859, 1999.755859, 1977.539062
1999.755859, 1999.755859, 216.796875
-104.248047, 310.058594, 1105.468750
-1608.154297, -145.751953, 1643.066406
-1505.615234, -461.669922, 1659.179688
-279.052734, 140.625000, 1121.093750
-235.107422, -480.712891, 1132.324219
-8.056641, -35.888672, 717.773438
-,-,-
413.574219, 37.597656, 925.781250
289.550781, -198.974609, 973.632812
370.117188, -199.951172, 885.742188
-21.240234, 208.007812, 1471.191406
-1999.755859, -1570.556641, 1999.755859
-1999.755859, 188.964844, 1142.578125
1999.755859, 1999.755859, -158.447266
1999.755859, 1999.755859, -491.455078
-895.263672, 670.898438, 1719.726562
-1999.755859, -844.970703, 1850.585938
-1917.236328, -523.681641, 1999.755859
-129.638672, -232.666016, 1167.968750
778.808594, 284.179688, 1037.109375
597.656250, 206.054688, 859.375000
-,-,-
243.652344, -253.662109, 991.210938
240.234375, -179.443359, 904.296875
275.390625, -220.458984, 923.828125
-24.169922, -268.310547, 1037.109375
-1999.755859, -923.583984, 1999.755859
-1999.755859, -516.845703, 1999.755859
961.425781, 1999.755859, 818.359375
1999.755859, 1999.755859, 1975.097656
1785.156250, 1936.035156, 14.648438
-1999.755859, -359.619141, 639.648438
-1752.685547, 9.277344, 1892.578125
-1832.763672, -830.322266, 1787.109375
-562.255859, -301.025391, 957.031250
367.675781, 93.261719, 1375.488281
423.828125, -62.255859, 926.757812
-,-,-
143.066406, -264.404297, 860.351562
208.496094, -180.908203, 933.105469
242.187500, -228.271484, 1014.648438
323.242188, -143.310547, 863.769531
241.210938, -244.384766, 1000.488281
-1999.755859, -684.326172, 1999.755859
-1999.755859, -123.291016, 1999.755859
-1.220703, 955.078125, -218.017578
1999.755859, 1999.755859, 1999.755859
1999.755859, 1999.755859, 404.296875
-475.830078, 1578.613281, 481.933594
-1999.755859, 377.929688, 816.406250
-1999.755859, -336.181641, 1742.675781
-758.056641, -411.865234, 1494.140625
663.574219, -100.341797, 1424.804688
1011.718750, 98.632812, 1338.867188
-,-,-
253.417969, -213.134766, 997.558594
248.046875, -211.181641, 906.250000
165.039062, -243.896484, 990.234375
-904.052734, 11.718750, 1238.281250
-1999.755859, -319.091797, 1759.765625
-1999.755859, -643.310547, 799.804688
1999.755859, 1999.755859, 1999.755859
1999.755859, 1999.755859, 137.695312
981.933594, 1580.078125, -36.865234
-1999.755859, -920.654297, 1937.011719
-1999.755859, -706.787109, 1999.755859
-1458.740234, -556.396484, 794.921875
144.531250, -221.435547, 1479.980469
-,-,-
211.914062, -131.591797, 1004.882812
147.460938, -135.498047, 1016.601562
129.882812, -138.427734, 997.558594
73.242188, -196.044922, 966.308594
-19.287109, -89.111328, 995.605469
-1553.955078, -279.052734, 1728.515625
-1999.755859, 14.648438, 1999.755859
-1650.146484, 386.230469, 1301.757812
1999.755859, 1999.755859, 866.699219
1999.755859, 1999.755859, 1916.992188
1394.531250, 1999.755859, 73.242188
-1999.755859, 335.449219, 1969.238281
-1999.755859, -220.947266, 1702.636719
-1999.755859, -749.755859, 1247.558594
-342.529297, -294.677734, 973.144531
-,-,-
205.078125, -308.837891, 939.453125
-1730.224609, -31.005859, 1812.011719
-1999.755859, -421.142578, 1999.755859
-675.048828, 241.699219, 1092.285156
1999.755859, 1999.755859, 1999.755859
1999.755859, 1999.755859, -303.955078
-583.740234, 1361.328125, 394.042969
-1999.755859, -1008.056641, 1999.755859
-1955.322266, -90.087891, 1825.195312
-755.126953, -291.748047, 1075.195312
330.078125, -151.611328, 1235.351562
662.109375, 174.804688, 1253.417969
442.382812, -40.771484, 876.953125
184.570312, -228.271484, 736.816406
184.082031, -195.068359, 998.535156
-,-,-
323.730469, -55.419922, 896.484375
177.734375, -303.955078, 994.628906
185.058594, -90.576172, 908.203125
90.820312, -173.583984, 957.031250
-1485.595703, -0.244141, 1439.453125
-1999.755859, -719.482422, 1893.554688
-1999.755859, 234.863281, 1923.828125
1999.755859, 1999.755859, 243.164062
1999.755859, 1999.755859, 916.992188
-697.998047, 1708.984375, 291.992188
-1999.755859, -580.810547, 1643.066406
-1999.755859, -302.490234, 1745.605469
-891.845703, -450.439453, 797.851562
910.156250, 396.484375, 1723.632812
759.765625, 207.031250, 1089.355469
216.308594, -244.384766, 741.699219
132.324219, -328.857422, 916.015625
159.667969, -226.318359, 995.605469
-,-,-
250.000000, -91.064453, 976.562500
268.066406, -82.763672, 916.992188
233.886719, -64.697266, 1189.941406
-1162.841797, 93.261719, 1999.755859
-1999.755859, -789.794922, 1999.755859
-1000.244141, 560.546875, -6.103516
1999.755859, 1999.755859, -715.087891
1999.755859, 1999.755859, 1280.761719
855.468750, 1522.460938, 1003.417969
-1999.755859, -312.744141, 1976.562500
-1999.755859, -387.939453, 1704.589844
-999.755859, -467.529297, 1526.367188
366.699219, -28.564453, 1322.265625
-,-,-
215.820312, -186.279297, 992.187500
206.054688, -108.154297, 948.242188
219.726562, -121.337891, 928.710938
-386.474609, -219.482422, 1362.304688
-1999.755859, -833.740234, 1999.755859
-1379.638672, -295.166016, 1280.761719
1999.755859, 1999.755859, 1179.199219
1999.755859, 1999.755859, 831.054688
31.250000, 218.261719, 449.707031
-1988.037109, -858.154297, 886.718750
-1739.013672, -880.615234, 1132.812500
-571.533203, -251.220703, 1060.058594
192.382812, -66.162109, 1257.324219
325.683594, -87.646484, 1244.140625
223.632812, -198.974609, 1088.378906
184.570312, -289.794922, 1072.265625
146.484375, -260.498047, 846.679688
237.792969, -213.623047, 957.031250
214.355469, -216.552734, 958.984375
-,-,-
240.722656, -221.435547, 956.054688
216.796875, -195.068359, 948.242188
234.375000, -222.412109, 944.335938
285.644531, -215.576172, 966.796875
356.445312, -196.044922, 998.535156
115.234375, -82.763672, 1130.371094
-1999.755859, -589.599609, 1999.755859
-1999.755859, -1371.826172, 1811.035156
1274.414062, 1999.755859, 1159.667969
1999.755859, 1999.755859, 1412.597656
1999.755859, 1999.755859, -857.177734
-1599.853516, -35.400391, 1043.457031
-1891.357422, -809.326172, 1468.750000
-1492.919922, -525.146484, 1936.035156
-230.224609, -429.443359, 840.332031
314.941406, -131.591797, 1227.539062
361.816406, -114.013672, 1244.140625
180.664062, -202.880859, 823.242188
-,-,-
148.437500, -333.251953, 904.296875
287.109375, -145.263672, 848.632812
226.562500, -384.521484, 1076.171875
284.667969, -169.677734, 771.972656
243.164062, -138.427734, 1048.828125
-1757.568359, -642.333984, 1999.755859
-1999.755859, -1006.591797, 1999.755859
-163.330078, 190.429688, 1159.667969
1999.755859, 1999.755859, 1429.687500
1999.755859, 1999.755859, -156.982422
79.101562, 1097.167969, 731.933594
-1999.755859, -1232.177734, 1169.433594
-1999.755859, -135.498047, 1892.089844
-1116.943359, -596.435547, 1234.375000
-86.669922, -197.998047, 1115.234375
402.343750, -102.294922, 1329.101562
342.285156, -191.162109, 991.210938
200.195312, -389.404297, 986.328125
134.277344, -290.771484, 950.195312
78.613281, -257.568359, 886.718750
-,-,-
158.691406, -82.763672, 1002.929688
27.343750, -358.154297, 1048.828125
85.449219, -167.724609, 918.945312
-332.763672, -245.361328, 1133.300781
-1999.755859, -593.505859, 1999.755859
-1999.755859, -194.091797, 987.792969
693.359375, 1999.755859, 1156.738281
1999.755859, 1999.755859, 1999.755859
1999.755859, 1999.755859, 444.824219
-862.060547, 1722.167969, 1151.855469
-1999.755859, -1369.384766, 1314.941406
-1999.755859, -740.966797, 1682.617188
-615.478516, -203.857422, 1055.664062
-101.318359, -488.037109, 1100.585938
466.308594, 152.832031, 1243.164062
-,-,-
155.273438, -142.333984, 916.992188
46.386719, -416.748047, 992.187500
152.343750, -95.458984, 938.476562
131.835938, -278.076172, 929.199219
83.984375, -138.427734, 1033.203125
-1999.755859, -1015.380859, 1999.755859
-1999.755859, 319.335938, 1035.156250
-259.521484, 715.332031, 826.660156
1999.755859, 1999.755859, 1999.755859
1999.755859, 1999.755859, 253.417969
-80.810547, 550.781250, 512.207031
-1999.755859, -625.732422, 1031.738281
-1999.755859, -813.720703, 1686.523438
-573.486328, -209.228516, 1142.578125
196.777344, -53.466797, 1309.570312
136.230469, -309.326172, 1052.734375
229.003906, -287.841797, 876.953125
167.968750, -287.841797, 807.617188
-,-,-
168.945312, -209.716797, 924.804688
197.265625, -254.638672, 987.304688
251.953125, -116.455078, 1013.671875
-1124.267578, -481.689453, 1763.183594
-1999.755859, -994.384766, 1999.755859
-1539.794922, 143.554688, 642.089844
1999.755859, 1999.755859, 909.667969
1999.755859, 1999.755859, 1139.648438
646.484375, 910.644531, 481.933594
-1999.755859, -193.115234, 1403.320312
-1999.755859, -1857.177734, 1911.132812
-657.470703, -259.521484, 1264.648438
225.585938, -29.052734, 1224.121094
304.687500, -215.576172, 1076.171875
212.402344, -206.787109, 861.328125
63.964844, -285.888672, 768.554688
-,-,-
166.015625, -141.357422, 985.351562
22.949219, -321.044922, 1035.156250
-1058.837891, 102.539062, 1579.589844
-1999.755859, -515.869141, 1999.755859
-1999.755859, -142.333984, 946.289062
1999.755859, 1999.755859, -445.068359
1999.755859, 1999.755859, 1368.164062
1020.507812, 835.937500, -35.888672
-1999.755859, -808.349609, 1087.890625
-1958.251953, -798.583984, 1788.085938
-504.638672, -337.158203, 1250.488281
112.304688, -53.466797, 1007.812500
97.656250, -345.458984, 1257.812500
135.742188, -180.908203, 1004.882812
70.312500, -322.021484, 859.375000
73.730469, -318.115234, 799.804688
-,-,-
247.558594, -124.755859, 867.187500
97.167969, -429.443359, 1075.195312
209.472656, -129.638672, 919.921875
227.539062, -215.576172, 967.773438
-11.474609, -76.904297, 1327.636719
-1999.755859, -1249.755859, 1999.755859
-1999.755859, -81.787109, 120.117188
1225.097656, 1999.755859, 543.457031
1999.755859, 1999.755859, 1999.755859
1999.755859, 1999.755859, -263.916016
-1999.755859, -906.494141, 1868.652344
-1999.755859, -136.474609, 1293.457031
-1999.755859, -1169.677734, 1690.429688
126.953125, 41.992188, 884.765625
876.953125, 141.601562, 1759.765625
726.562500, 24.414062, 1179.687500
252.441406, -254.638672, 666.015625
-,-,-
26.367188, -356.201172, 934.082031
71.289062, -130.615234, 1012.695312
-26.123047, -239.501953, 1017.578125
45.898438, -213.623047, 906.250000
-700.927734, -110.595703, 1571.777344
-1999.755859, -1252.685547, 1999.755859
-1999.755859, -66.650391, 1106.445312
1999.755859, 1999.755859, 631.835938
1999.755859, 1999.755859, 1577.636719
497.070312, 1699.707031, 378.417969
-1999.755859, -1592.529297, 1836.425781
-1999.755859, -884.033203, 1275.390625
-732.666016, -157.958984, 940.429688
-217.041016, -791.748047, 1358.398438
153.320312, -77.880859, 1202.148438
-,-,-
3.417969, -203.369141, 1005.859375
171.875000, -39.794922, 831.542969
41.015625, -337.646484, 1053.710938
83.496094, -172.607422, 982.421875
-116.943359, -104.248047, 1080.078125
-1999.755859, -1048.583984, 1999.755859
-1999.755859, -487.060547, 130.371094
1999.755859, 1999.755859, 1999.755859
1999.755859, 1999.755859, 1981.445312
208.496094, 52.246094, 776.367188
-1576.904297, -935.791016, 1214.843750
-1465.087891, -812.744141, 772.949219
-544.189453, -213.134766, 1096.191406
40.527344, -151.123047, 1269.531250
-,-,-
233.398438, -137.451172, 914.062500
51.757812, -370.849609, 909.179688
74.218750, -212.646484, 982.421875
129.882812, -179.931641, 913.085938
145.507812, -158.935547, 944.335938
-1065.673828, -135.498047, 1693.847656
-1999.755859, -1119.384766, 1709.472656
-1500.732422, -251.220703, 800.292969
1999.755859, 1999.755859, 928.222656
1999.755859, 1999.755859, 1999.755859
-1543.212891, 662.597656, 1190.917969
-1999.755859, -559.326172, 1060.058594
-1999.755859, -651.123047, 1889.648438
-739.501953, -494.873047, 1019.531250
222.167969, -93.505859, 1570.312500
-,-,-
42.968750, -430.908203, 1032.714844
67.382812, -143.798828, 979.492188
109.375000, -218.505859, 928.710938
124.023438, -227.294922, 1036.132812
85.449219, 235.351562, 1070.312500
-1999.755859, -829.833984, 1999.755859
-1999.755859, -889.404297, 1607.910156
-343.017578, 873.535156, 832.519531
1999.755859, 1999.755859, 781.250000
1999.755859, 1999.755859, 779.785156
-1999.755859, 144.042969, 1268.066406
-1999.755859, -985.107422, 1149.414062
-1732.666016, -749.755859, 1999.755859
-354.248047, -447.998047, 1286.621094
357.910156, -84.716797, 1258.789062
474.609375, 95.703125, 1388.671875
-,-,-
29.296875, -193.115234, 1055.664062
-148.193359, -362.548828, 1005.859375
-71.044922, -247.802734, 1042.968750
15.625000, -299.560547, 1010.742188
-74.462891, -103.271484, 1199.218750
-1664.306641, -504.638672, 1901.855469
-1999.755859, -245.361328, 1300.781250
-641.845703, 521.972656, 47.851562
1999.755859, 1999.755859, 1999.755859
1999.755859, 1999.755859, 752.929688
-492.431641, -129.638672, 614.746094
-1999.755859, -1005.615234, 1302.734375
-1280.517578, -518.310547, 951.171875
-419.189453, -179.931641, 1116.210938
154.296875, -113.037109, 1265.625000
213.378906, -94.482422, 1109.375000
92.773438, -180.908203, 1091.308594
-,-,-
308.105469, 135.742188, 988.281250
136.230469, -268.310547, 981.445312
149.902344, -210.693359, 916.015625
295.898438, -91.552734, 1037.109375
430.664062, -213.134766, 680.175781
-1819.091797, -280.029297, 1999.755859
-1999.755859, -1043.701172, 965.332031
-1999.755859, 62.011719, 884.765625
1999.755859, 1999.755859, 1999.755859
1999.755859, 1999.755859, 28.808594
62.500000, 684.570312, 1025.878906
-1999.755859, -252.685547, 1370.117188
-1999.755859, -1966.064453, 1883.789062
-775.146484, -333.740234, 1024.414062
335.449219, 106.445312, 1285.644531
428.222656, 132.812500, 1126.464844
-,-,-
55.175781, -331.787109, 1072.265625
222.167969, 23.437500, 770.996094
52.246094, -375.732422, 1075.195312
86.914062, -175.537109, 1082.031250
164.062500, -212.646484, 961.914062
16.601562, -69.091797, 1404.785156
-1999.755859, -911.376953, 1999.755859
-1999.755859, -1172.119141, 1674.316406
-525.146484, 1999.755859, -1374.267578
1999.755859, 1999.755859, 1999.755859
1999.755859, 1676.757812, 366.210938
-1050.048828, 708.007812, 1785.156250
-1999.755859, -1292.724609, 1999.755859
-1761.474609, -823.486328, 1565.429688
-204.833984, 42.968750, 1038.574219
46.386719, -34.912109, 1202.148438
137.695312, -130.615234, 856.445312
48.339844, -256.591797, 1053.710938
-23.681641, -307.373047, 789.062500
47.851562, -293.701172, 862.304688
101.562500, -296.630859, 1020.507812
166.992188, -180.419922, 1010.742188
-,-,-
198.730469, -182.861328, 1094.238281
35.156250, -260.498047, 1018.554688
76.660156, -224.365234, 999.511719
147.460938, -232.177734, 971.679688
-930.908203, -402.099609, 1543.457031
-1999.755859, -982.177734, 1999.755859
-404.541016, 501.953125, -623.779297
1999.755859, 1999.755859, 1999.755859
1999.755859, 1999.755859, -23.681641
-1399.658203, -461.669922, 1220.214844
-1999.755859, -903.076172, 1300.781250
-1348.876953, -654.052734, 1091.308594
-154.052734, -4.638672, 1004.882812
254.394531, -13.427734, 1403.320312
217.773438, -140.380859, 1395.507812
-,-,-
57.128906, -233.154297, 1023.437500
103.515625, -131.591797, 934.570312
83.984375, -357.177734, 1049.804688
187.500000, -133.544922, 1024.414062
168.945312, -237.548828, 1005.859375
50.781250, -27.587891, 982.421875
-1999.755859, -474.853516, 1999.755859
-1999.755859, -515.869141, 1783.691406
-304.443359, 1189.453125, 43.457031
1999.755859, 1999.755859, 1999.755859
1999.755859, 1999.755859, 492.675781
-421.142578, 714.843750, 954.101562
-1999.755859, -1176.025391, 1515.136719
-1999.755859, -558.349609, 998.535156
-441.162109, -187.255859, 1332.031250
300.292969, -48.583984, 1516.113281
-,-,-
115.722656, -14.404297, 874.023438
14.648438, -360.595703, 1020.507812
18.554688, -167.724609, 1014.648438
69.824219, -145.263672, 958.984375
-179.931641, -149.169922, 1127.441406
-1999.755859, -561.279297, 1999.755859
-1999.755859, -290.771484, 1033.691406
1999.755859, 1999.755859, 1659.179688
1999.755859, 1999.755859, 1686.035156
965.820312, 437.500000, 548.339844
-1371.337891, 1448.730469, 1165.527344
-1999.755859, -1869.873047, 810.058594
-1873.779297, -523.193359, 1041.503906
123.046875, 187.500000, 1460.937500
-,-,-
174.316406, 14.648438, 860.351562
-70.068359, -576.416016, 1060.058594
16.113281, -137.451172, 909.179688
-10.009766, -258.544922, 913.085938
21.484375, -221.435547, 936.523438
90.332031, -159.912109, 942.382812
69.335938, -258.544922, 1053.710938
-188.232422, 83.007812, 1066.406250
-1999.755859, -931.884766, 1999.755859
-1999.755859, -493.896484, 1398.437500
776.855469, 1999.755859, -870.361328
1999.755859, 1999.755859, 1999.755859
1654.785156, 1999.755859, 175.781250
-1999.755859, -452.880859, 1740.722656
-1999.755859, -847.900391, 1094.238281
-1013.427734, -478.759766, 1392.578125
110.351562, -82.763672, 1114.257812
145.019531, -269.775391, 1300.781250
124.511719, -174.560547, 1060.546875
-,-,-
-86.181641, -574.462891, 976.562500
97.656250, -156.005859, 946.289062
32.226562, -341.552734, 993.164062
41.992188, -263.427734, 976.562500
57.617188, -80.810547, 949.218750
-1476.318359, -62.744141, 1710.449219
-1999.755859, -1240.478516, 1999.755859
-1029.052734, 100.097656, 638.183594
1999.755859, 1999.755859, 176.757812
1999.755859, 1999.755859, 1463.867188
-947.509766, 599.609375, 958.984375
-1999.755859, -651.611328, 1663.574219
-1999.755859, -423.095703, 1410.156250
103.515625, 101.562500, 1454.101562
669.921875, -9.521484, 1391.601562
382.324219, -10.498047, 882.812500
-37.353516, -172.607422, 858.398438
-261.962891, -436.279297, 935.058594
-,-,-
75.195312, -138.427734, 971.679688
38.574219, -267.333984, 972.656250
20.996094, -196.044922, 977.539062
99.609375, -156.982422, 1005.859375
-703.857422, 257.812500, 1604.003906
-1999.755859, -539.306641, 1999.755859
-1999.755859, -241.455078, 1489.257812
1999.755859, 1999.755859, 431.640625
1999.755859, 1999.755859, 1999.755859
1597.167969, 1999.755859, -795.654297
-1999.755859, -1725.830078, 1531.250000
-1999.755859, -575.439453, 1825.195312
-397.216797, -3.662109, 1363.281250
358.398438, -385.986328, 1728.515625
450.683594, 49.804688, 1099.609375
-48.095703, -302.001953, 718.750000
-170.654297, -281.005859, 765.625000
-34.423828, -288.818359, 894.531250
102.050781, -262.451172, 1107.421875
143.066406, -139.404297, 1104.492188
41.015625, -237.548828, 1018.554688
-,-,-
139.648438, -147.216797, 978.515625
60.058594, -234.130859, 1070.312500
-60.302734, -306.396484, 1006.347656
7.324219, -187.255859, 975.585938
11.718750, -220.458984, 949.218750
-1675.048828, -247.802734, 1886.718750
-1999.755859, -884.033203, 1999.755859
315.917969, 1288.085938, -750.244141
1999.755859, 1999.755859, 1999.755859
1999.755859, 1999.755859, 756.835938
-1911.376953, 1460.449219, 1383.300781
-1999.755859, -1823.486328, 855.957031
-1605.224609, -420.166016, 1516.113281
249.023438, -34.912109, 1276.367188
368.164062, -372.802734, 1426.757812
243.164062, 31.738281, 954.101562
-210.693359, -490.966797, 665.039062
-195.068359, -497.802734, 770.996094
48.339844, -346.435547, 1034.179688
-,-,-
-2.197266, -463.623047, 1117.187500
100.585938, -188.232422, 909.179688
26.367188, -372.802734, 975.585938
108.398438, -171.630859, 965.332031
21.484375, -248.779297, 871.093750
-1039.794922, -134.521484, 1514.160156
-1999.755859, -593.505859, 1999.755859
-1999.755859, -601.806641, 1374.511719
1999.755859, 1999.755859, 1999.755859
1999.755859, 1999.755859, 1484.863281
-1999.755859, 54.199219, 1143.554688
-1999.755859, -182.861328, 1559.082031
-1999.755859, -1207.275391, 1371.582031
-23.193359, -156.494141, 951.660156
948.242188, 292.480469, 1523.437500
420.410156, -128.662109, 938.964844
-277.587891, -375.732422, 839.355469
-232.666016, -459.716797, 927.734375
-,-,-
77.636719, -304.931641, 867.675781
63.964844, -340.576172, 983.398438
60.546875, -181.884766, 965.332031
-1657.958984, -776.123047, 1365.234375
-1999.755859, -585.693359, 1271.484375
-1999.755859, 421.386719, 1011.230469
1999.755859, 1999.755859, 1386.718750
1999.755859, 1999.755859, 1999.755859
1270.996094, 1999.755859, 423.339844
-1999.755859, -182.861328, 1291.992188
-1999.755859, -580.810547, 902.832031
-1998.779297, -256.591797, 150.390625
707.519531, 370.605469, 1999.755859
740.722656, 162.109375, 847.656250
292.968750, -262.451172, 673.828125
-86.181641, -301.025391, 1155.761719
-,-,-
120.117188, -51.513672, 908.691406
83.984375, -306.396484, 1034.179688
54.687500, -281.982422, 956.054688
97.656250, -222.412109, 986.328125
83.007812, -292.724609, 1019.531250
161.132812, -176.513672, 924.804688
-1203.369141, -645.751953, 1959.472656
-1999.755859, -1060.791016, 1999.755859
-1852.783203, 509.277344, 1385.253906
1999.755859, 1999.755859, -336.669922
1999.755859, 1999.755859, -511.962891
-964.599609, 157.226562, 1312.011719
-1999.755859, 115.234375, 1999.755859
-1999.755859, -1706.787109, 1999.755859
-769.287109, -401.123047, 957.519531
159.667969, 66.406250, 1101.562500
427.246094, 104.492188, 1002.929688
62.011719, -389.404297, 770.019531
37.597656, -267.822266, 830.078125
-,-,-
-34.912109, -175.048828, 873.046875
-2.197266, -283.935547, 948.242188
-42.724609, -398.193359, 968.750000
85.449219, -188.720703, 974.609375
54.687500, -344.482422, 1009.765625
-62.744141, 109.375000, 1017.578125
-1999.755859, -592.529297, 1999.755859
-1999.755859, -101.318359, 967.285156
1999.755859, 1999.755859, 534.179688
1999.755859, 1999.755859, 1999.755859
-264.404297, 1097.167969, -155.029297
-1999.755859, -260.986328, 1834.472656
-1999.755859, -525.146484, 1708.984375
-466.552734, -342.529297, 954.101562
583.007812, 9.765625, 1324.218750
678.710938, 88.867188, 1403.320312
-,-,-
94.726562, -126.708984, 965.332031
189.453125, -51.513672, 875.000000
200.683594, -222.412109, 990.722656
147.460938, 70.312500, 922.851562
-827.880859, -237.548828, 1610.839844
-1999.755859, -687.255859, 1999.755859
-1999.755859, 148.925781, 1678.222656
1260.742188, 1999.755859, -528.076172
1999.755859, 1999.755859, -43.212891
1999.755859, 1999.755859, 445.800781
-1226.806641, 1119.140625, 1995.605469
-1999.755859, -1142.822266, 1555.664062
-1168.212891, -569.580078, 1542.480469
-154.052734, -405.029297, 1203.125000
558.593750, 129.882812, 1098.632812
441.406250, 14.648438, 863.281250
74.218750, -256.591797, 754.882812
-166.259766, -507.568359, 967.285156
48.339844, -142.333984, 954.101562
107.421875, -292.724609, 1071.289062
131.835938, -211.181641, 1036.132812
116.210938, -228.271484, 1054.687500
-,-,-
337.402344, -433.349609, 1067.382812
312.500000, 153.808594, 962.402344
-834.228516, -368.896484, 1675.292969
-1999.755859, 3.906250, 1959.960938
-1999.755859, -129.638672, 734.863281
1999.755859, 1999.755859, 462.890625
1999.755859, 1999.755859, 1854.492188
1999.755859, 1999.755859, -437.255859
-1999.755859, 270.996094, 1322.753906
-1999.755859, -734.619141, 1496.093750
-1230.224609, -450.927734, 1353.027344
-2.685547, -122.314453, 1459.960938
235.351562, -83.251953, 1419.921875
213.378906, -61.767578, 1160.644531
27.343750, -144.775391, 886.718750
-68.115234, -237.060547, 832.031250
-,-,-
176.757812, -116.943359, 922.851562
139.160156, -261.474609, 1032.226562
278.320312, -150.146484, 907.226562
723.144531, -190.185547, 965.332031
-1.220703, 309.082031, 1532.714844
-1999.755859, -1351.318359, 1999.755859
-1999.755859, -821.533203, -351.318359
1999.755859, 1999.755859, 1999.755859
1999.755859, 1999.755859, 622.070312
-388.916016, 455.566406, 339.843750
-1999.755859, -319.091797, 1316.894531
-1659.423828, -392.822266, 1646.972656
-285.400391, -220.458984, 1256.347656
157.714844, -61.279297, 1154.296875
52.734375, -176.513672, 1261.718750
91.796875, -75.927734, 953.125000
71.777344, -160.888672, 810.546875
-,-,-
247.070312, -47.607422, 904.296875
130.859375, -351.318359, 876.953125
188.476562, -147.705078, 906.250000
179.687500, -212.158203, 1020.507812
126.953125, -198.974609, 916.992188
-614.990234, -197.509766, 1309.082031
-1999.755859, 424.316406, 1999.755859
-1003.173828, 301.269531, 1679.199219
1999.755859, 1999.755859, 1165.039062
1999.755859, 1999.755859, 712.890625
-238.037109, 1328.613281, 354.003906
-1999.755859, -200.439453, 1999.755859
-1999.755859, -575.439453, 1533.203125
-729.248047, -472.412109, 1313.476562
596.191406, -29.541016, 1251.464844
681.152344, -86.669922, 1292.968750
-,-,-
182.617188, -205.810547, 980.468750
203.125000, -251.708984, 1003.906250
209.472656, -204.833984, 977.539062
157.226562, -265.380859, 923.828125
193.359375, -192.138672, 941.406250
176.269531, -112.060547, 886.718750
-1354.248047, -447.998047, 1708.496094
-1999.755859, -491.455078, 1879.882812
-787.353516, 167.968750, 1785.156250
1999.755859, 1999.755859, 1544.433594
1999.755859, 1999.755859, -26.611328
-1489.501953, 245.605469, 671.386719
-1999.755859, -658.935547, 1422.363281
-1505.615234, -61.767578, 1999.755859
-721.435547, -375.732422, 1015.625000
182.128906, -152.587891, 1132.812500
-,-,-
57.128906, -112.060547, 1000.000000
138.671875, -25.146484, 1064.941406
91.796875, -130.615234, 972.656250
151.367188, -68.115234, 894.531250
49.804688, -49.560547, 1135.253906
-1999.755859, -473.876953, 1999.755859
-1999.755859, -454.345703, 1321.777344
1999.755859, 1999.755859, -458.251953
1999.755859, 1999.755859, 772.949219
166.503906, -252.685547, 862.792969
-1604.248047, -430.419922, 543.457031
-1878.662109, -528.076172, 1126.464844
-392.333984, 61.035156, 1189.941406
255.371094, 219.726562, 1286.621094
-35.400391, -50.537109, 861.328125
-234.130859, -327.880859, 1083.984375
-100.830078, -155.029297, 1015.625000
41.992188, -185.302734, 1112.304688
-,-,-
58.593750, -23.193359, 930.664062
-26.123047, -210.693359, 1062.011719
42.968750, -88.134766, 1035.156250
65.429688, -109.130859, 1003.906250
160.644531, -28.564453, 997.558594
10.253906, -153.076172, 1078.125000
-570.556641, 61.035156, 1140.625000
-1999.755859, 37.109375, 1999.755859
-1999.755859, 265.136719, 1261.718750
1118.164062, 1503.906250, 251.464844
1999.755859, 1999.755859, 801.269531
1999.755859, 1520.019531, -39.306641
-1999.755859, -4.638672, 662.109375
-1999.755859, -565.185547, 1987.304688
-1222.900391, -218.505859, 1087.890625
175.292969, 89.843750, 1665.039062
254.394531, 40.039062, 1075.195312
129.394531, -221.435547, 958.984375
-,-,-
144.042969, -164.794922, 1102.539062
124.023438, -78.857422, 899.902344
84.472656, -129.638672, 944.335938
87.402344, -143.310547, 1011.718750
158.203125, -41.748047, 955.078125
169.433594, -5.615234, 994.140625
-1653.564453, 183.593750, 1999.755859
-1999.755859, -445.068359, 1999.755859
-1491.943359, 265.136719, 82.031250
1999.755859, 1999.755859, -379.150391
1999.755859, 1999.755859, 886.718750
-1999.755859, -367.431641, 1500.976562
-1999.755859, -86.669922, 1153.808594
-1794.189453, -843.017578, 1394.531250
150.878906, 160.156250, 1523.437500
533.691406, 166.992188, 1252.441406
302.734375, -184.326172, 808.593750
92.773438, -385.498047, 1118.164062
-,-,-
-51.513672, -238.525391, 1044.921875
66.406250, -197.998047, 1061.035156
59.570312, -197.021484, 974.609375
109.375000, -196.044922, 918.945312
284.179688, -21.240234, 925.781250
27.343750, 92.773438, 983.398438
-1999.755859, 70.800781, 1999.755859
-1999.755859, -935.791016, 1999.755859
-537.841797, 763.183594, -479.248047
1999.755859, 1999.755859, 769.042969
1999.755859, 1999.755859, -17.333984
-1999.755859, -216.064453, 1427.734375
-1999.755859, 61.035156, 988.769531
-1999.755859, -891.357422, 1144.531250
373.535156, 336.425781, 1945.312500
1162.109375, 214.355469, 1766.113281
-,-,-
139.160156, -192.138672, 948.242188
236.328125, -92.041016, 945.312500
173.339844, -219.482422, 1007.812500
183.105469, -38.818359, 966.308594
-159.423828, -198.974609, 1213.867188
-1999.755859, -131.591797, 1999.755859
-1999.755859, 347.656250, 1474.121094
-159.912109, 1319.335938, -84.716797
1999.755859, 1999.755859, 1532.226562
1999.755859, 1281.738281, -6.591797
-94.970703, -105.224609, 77.636719
-1871.337891, -302.001953, 1954.589844
-1614.501953, -402.099609, 1054.687500
-792.724609, -322.021484, 1138.671875
-137.939453, -87.646484, 943.359375
-,-,-
141.601562, 4.882812, 938.476562
84.472656, -248.779297, 949.218750
134.277344, -177.001953, 922.851562
262.207031, -102.294922, 886.718750
316.894531, -82.763672, 994.140625
-1164.306641, -288.818359, 1957.519531
-1999.755859, -1023.681641, 1999.755859
-1465.087891, 613.769531, -197.509766
1999.755859, 1999.755859, 1495.117188
1999.755859, 1983.398438, 146.484375
-632.568359, 58.593750, 983.886719
-1999.755859, -478.759766, 1437.988281
-1999.755859, -406.005859, 707.519531
-221.435547, -20.263672, 934.082031
277.832031, -21.240234, 1794.921875
223.144531, -282.958984, 1128.417969
120.117188, -290.771484, 829.101562
-,-,-
109.375000, -232.177734, 1001.953125
121.093750, -173.583984, 922.851562
807.617188, -98.388672, 739.746094
1670.898438, 642.578125, 750.000000
-1999.755859, 322.265625, 1999.755859
-1999.755859, -1806.396484, 1999.755859
-1999.755859, 693.847656, -658.935547
1999.755859, 1999.755859, 1999.755859
1999.755859, 1275.390625, 0.000000
-401.123047, 367.675781, 799.316406
-1999.755859, -761.962891, 790.039062
-1764.892578, -855.712891, 862.792969
71.777344, -37.841797, 1194.824219
591.796875, 184.570312, 1467.773438
160.156250, -157.958984, 1242.187500
-18.310547, -389.404297, 1025.390625
-225.341797, -349.365234, 744.140625
-,-,-
189.453125, -83.740234, 901.855469
40.527344, -507.568359, 1041.992188
168.945312, -117.431641, 875.976562
358.886719, -403.076172, 755.859375
645.996094, 534.667969, 843.750000
-1241.455078, -50.537109, 1999.755859
-1999.755859, -1402.099609, 1129.394531
-1999.755859, 143.066406, 137.207031
1999.755859, 1999.755859, -457.275391
1999.755859, 1999.755859, 1775.878906
-1999.755859, -759.033203, 1183.105469
-1999.755859, -89.599609, 487.304688
-1999.755859, -1842.529297, 997.558594
538.085938, 631.835938, 1999.755859
747.070312, 327.636719, 975.585938
216.308594, -139.404297, 724.609375
-,-,-
103.027344, -138.427734, 979.492188
23.437500, -331.298828, 1026.367188
146.484375, -89.111328, 896.484375
145.507812, -227.294922, 1020.507812
299.316406, -26.123047, 935.546875
437.500000, 213.378906, 778.320312
-304.931641, 701.171875, 1185.058594
-1999.755859, -1150.634766, 1999.755859
-1999.755859, -853.271484, 1432.617188
1999.755859, 1999.755859, -543.701172
1999.755859, 1999.755859, -289.306641
-1999.755859, -1999.755859, 1999.755859
-1999.755859, -489.990234, 621.093750
-1425.048828, -911.376953, 1690.429688
812.988281, 627.929688, 1657.226562
665.527344, 179.199219, 703.125000
-87.646484, -268.798828, 780.273438
-300.537109, -356.201172, 892.578125
-,-,-
165.039062, -41.748047, 940.429688
114.746094, -266.845703, 989.257812
114.257812, -118.408203, 872.070312
151.855469, -177.001953, 920.898438
169.921875, -153.076172, 908.203125
113.281250, 76.171875, 756.835938
-487.060547, 599.609375, 1145.507812
-1999.755859, -488.037109, 1999.755859
-1999.755859, -873.291016, 1999.755859
-886.962891, 693.359375, 1315.917969
1999.755859, 1999.755859, 1999.755859
-1999.755859, 1346.679688, 865.722656
-1999.755859, -749.267578, 744.628906
-1476.318359, -268.310547, 1597.656250
197.753906, -408.935547, 1715.820312
853.515625, 485.839844, 1061.035156
-,-,-
91.796875, -269.775391, 1003.906250
248.535156, 103.515625, 824.218750
-105.224609, -343.505859, 1075.195312
-390.869141, 95.703125, 1037.109375
-1271.240234, 294.921875, 1363.281250
-1999.755859, -400.146484, 1912.109375
-1634.521484, 565.917969, 1384.277344
1584.472656, 1999.755859, -1999.755859
1999.755859, 1999.755859, 1999.755859
-1429.443359, -31.494141, 1181.152344
-1999.755859, -114.501953, -306.396484
-1999.755859, -1131.591797, 1521.484375
-272.705078, -246.337891, 1807.617188
696.777344, -60.302734, 1300.781250
405.761719, -110.107422, 815.429688
-,-,-
-7.080078, -108.154297, 941.406250
-17.333984, 69.335938, 812.500000
-630.615234, -135.498047, 1105.468750
-1774.658203, -56.884766, 1755.859375
-1999.755859, 57.617188, 1639.160156
-1746.826172, -212.158203, 1205.078125
1999.755859, 1999.755859, -1454.345703
1999.755859, 1999.755859, 1999.755859
169.921875, 1790.527344, 119.628906
-1999.755859, -652.099609, 1298.828125
-1999.755859, -89.111328, 938.476562
-1652.587891, -1140.869141, 1360.351562
85.449219, -88.134766, 1626.953125
-,-,-
173.339844, -158.935547, 944.335938
200.195312, -169.677734, 996.093750
135.742188, -234.130859, 941.406250
216.796875, -91.552734, 885.742188
173.339844, -114.013672, 868.652344
-142.822266, -203.369141, 1053.710938
-1786.376953, -271.728516, 1959.472656
-1999.755859, -119.384766, 1999.755859
-1548.095703, 352.539062, 1046.875000
1999.755859, 1999.755859, -545.654297
1999.755859, 1999.755859, 1588.867188
1071.777344, 1999.755859, 637.207031
-1999.755859, -1450.439453, 749.511719
-1630.126953, 176.269531, 1973.144531
-951.416016, -92.041016, 937.988281
-541.259766, -984.130859, 958.984375
-,-,-
264.648438, -195.068359, 876.953125
304.687500, -201.904297, 1004.882812
167.968750, -176.513672, 995.117188
306.152344, -49.560547, 964.355469
308.105469, -178.466797, 1010.742188
224.121094, -213.134766, 899.414062
253.906250, -120.361328, 939.453125
-140.380859, -499.755859, 1185.546875
-521.240234, -285.888672, 1534.179688
-1999.755859, -1205.322266, 1999.755859
-1999.755859, 1666.992188, 595.703125
1451.660156, 1806.640625, -947.998047
1999.755859, 1999.755859, 1999.755859
1580.078125, 1919.433594, 1999.755859
-1480.712891, -433.349609, 950.195312
-1999.755859, -1182.861328, 886.718750
-973.876953, -462.158203, 323.730469
-35.888672, -275.146484, 1181.640625
10.742188, -488.037109, 998.535156
197.753906, -375.732422, 997.558594
-,-,-
204.589844, -410.888672, 945.312500
139.648438, -444.091797, 867.675781
296.875000, -330.322266, 1040.039062
435.058594, -350.341797, 927.734375
395.507812, -181.884766, 903.320312
-93.505859, -87.158203, 1208.984375
-1999.755859, -808.837891, 1960.937500
-1999.755859, -437.255859, 1195.800781
1780.761719, 1999.755859, -1323.486328
1999.755859, 1999.755859, 1999.755859
1283.203125, 1910.644531, 945.312500
-1999.755859, -716.552734, 1072.265625
-1999.755859, -737.060547, 1121.582031
-859.130859, -401.611328, 454.589844
105.468750, -227.294922, 1236.328125
437.988281, -278.076172, 1236.328125
-,-,-
151.855469, -323.974609, 829.101562
226.562500, -286.865234, 820.312500
134.277344, -447.021484, 984.375000
237.792969, -336.669922, 953.125000
264.648438, -220.458984, 988.281250
-1999.755859, -1317.626953, 1999.755859
-1999.755859, 256.347656, 924.804688
417.968750, 1389.648438, -408.935547
1999.755859, 1999.755859, 1999.755859
1999.755859, 1999.755859, 1500.000000
-1330.322266, 148.437500, 1305.664062
-1999.755859, -1266.845703, 558.593750
-1435.302734, -657.958984, 459.960938
-300.048828, -429.443359, 1095.703125
-,-,-
299.804688, -238.037109, 936.035156
153.320312, -415.771484, 811.523438
188.964844, -231.201172, 902.832031
120.605469, -333.251953, 864.257812
145.507812, -415.771484, 841.308594
-267.333984, -331.298828, 1103.515625
-1999.755859, -726.806641, 1559.570312
-1999.755859, -1007.568359, 1066.894531
1999.755859, 1999.755859, 1435.546875
1999.755859, 1999.755859, 1737.792969
93.261719, 696.777344, 1242.675781
-1999.755859, -641.357422, 1061.035156
-1928.466797, -681.396484, 1187.988281
-681.396484, -152.099609, 637.695312
-,-,-
-184.326172, -676.513672, 200.683594
-166.259766, -989.013672, 567.382812
135.253906, -447.998047, 558.593750
-71.044922, -754.150391, 739.746094
-168.701172, -560.302734, 875.000000
-1999.755859, -1951.904297, 611.816406
-1999.755859, -352.294922, 483.886719
538.085938, 1999.755859, 282.226562
1999.755859, 1999.755859, 1999.755859
1999.755859, 1794.921875, 767.578125
-1662.353516, -262.451172, 1333.007812
-1999.755859, -461.181641, 760.742188
-1640.869141, -565.185547, 206.054688
-,-,-
-126.708984, -736.572266, 711.914062
162.109375, -470.947266, 792.968750
-71.533203, -814.697266, 878.906250
150.390625, -420.654297, 807.617188
-107.666016, -738.037109, 791.015625
-1590.087891, -864.013672, 1314.941406
-1999.755859, 315.429688, 1856.445312
-1999.755859, 547.363281, 929.199219
1999.755859, 1999.755859, 1011.718750
1999.755859, 1999.755859, 1999.755859
1442.382812, 682.617188, 768.066406
-1852.783203, -289.794922, 1047.851562
-,-,-
27.343750, -742.919922, 754.882812
-26.123047, -744.873047, 753.906250
178.222656, -494.873047, 770.996094
-30.517578, -781.005859, 770.996094
48.828125, -493.896484, 745.117188
-39.306641, -778.076172, 676.269531
-69.091797, -724.853516, 778.320312
-606.201172, -533.935547, 1064.941406
-1999.755859, -1495.361328, 1999.755859
-1999.755859, -658.447266, -440.673828
1999.755859, 1999.755859, -332.275391
1999.755859, 629.394531, 1999.755859
-537.841797, -100.341797, 1284.667969
-1999.755859, -1999.755859, 474.121094
-1463.134766, -606.689453, 559.570312
59.082031, -473.388672, 803.222656
249.023438, -680.419922, 782.226562
-,-,-
-172.607422, -1115.966797, 576.660156
143.554688, -540.771484, 654.296875
-148.193359, -964.599609, 590.820312
44.921875, -707.763672, 744.140625
-3.662109, -709.716797, 706.054688
-1473.876953, -753.662109, 1184.082031
-1999.755859, -1566.650391, 1118.164062
-1308.349609, 868.652344, 826.171875
1999.755859, 1999.755859, 1245.117188
1999.755859, 1999.755859, 1999.755859
680.664062, -264.892578, 1539.062500
-1999.755859, -165.771484, 1661.132812
-1999.755859, -1229.248047, 114.257812
-1074.462891, -373.779297, -302.001953
51.757812, -948.974609, 1060.058594
-,-,-
-171.630859, -1017.333984, 278.320312
25.390625, -781.005859, 406.250000
414.550781, -787.353516, 453.613281
582.031250, -758.056641, 426.757812
512.695312, -782.470703, 479.980469
313.476562, -994.384766, 584.960938
147.949219, -755.615234, 541.015625
-1999.755859, -1491.455078, 1136.718750
-1999.755859, -907.470703, 533.203125
1999.755859, 1999.755859, 1932.128906
1999.755859, 1999.755859, 1999.755859
1519.042969, -406.982422, 418.457031
-98.388672, -1085.693359, 1669.921875
-1999.755859, -1479.736328, 1082.519531
-1794.677734, -753.173828, -40.771484
-600.341797, -610.107422, 206.054688
-173.583984, -720.458984, 166.015625
94.238281, -940.185547, 187.988281
217.773438, -910.400391, 624.023438
-,-,-
-55.419922, -1019.287109, 362.304688
85.449219, -793.701172, 501.953125
26.367188, -907.958984, 403.320312
39.550781, -913.330078, 373.046875
99.609375, -847.900391, 468.750000
6.835938, -995.361328, 379.882812
126.464844, -857.177734, 437.500000
-669.677734, -980.224609, 454.589844
-1999.755859, -1299.072266, 265.136719
-1999.755859, -572.509766, 1162.109375
1886.718750, 1999.755859, 275.390625
1999.755859, 1999.755859, 1999.755859
1999.755859, 469.726562, 835.449219
-943.603516, -524.658203, 805.175781
-1999.755859, -1362.548828, 512.207031
-1182.373047, -745.849609, 474.609375
-556.884766, -752.197266, 314.453125
-273.193359, -868.896484, 590.820312
-75.927734, -825.927734, 750.976562
-,-,-
-33.935547, -907.470703, 548.339844
-14.892578, -805.419922, 585.937500
9.765625, -770.263672, 546.386719
-9.521484, -852.294922, 535.156250
83.007812, -761.474609, 558.593750
166.992188, -864.013672, 509.765625
157.226562, -855.224609, 717.773438
-965.576172, -969.970703, 804.199219
-1999.755859, -1052.001953, 950.195312
-1999.755859, 97.167969, 505.371094
1999.755859, 1999.755859, 560.546875
1999.755859, 1434.570312, 1999.755859
1451.171875, -560.302734, 1273.437500
-1905.517578, -245.849609, 541.503906
-1999.755859, -1903.564453, -58.837891
-428.466797, -185.791016, 476.562500
-50.537109, -683.349609, 730.468750
-436.767578, -1311.279297, 514.160156
-,-,-
-145.751953, -1098.388672, 429.687500
134.277344, -736.083984, 672.851562
72.753906, -781.005859, 421.875000
86.425781, -793.701172, 451.660156
166.992188, -805.419922, 613.281250
159.667969, -813.232422, 510.253906
32.226562, -520.751953, 591.796875
-1999.755859, -1999.755859, 1999.755859
-1999.755859, 97.656250, -441.162109
1999.755859, 1869.628906, 427.734375
1999.755859, 1999.755859, 1999.755859
1951.171875, 52.246094, 521.484375
-1869.384766, 41.015625, 1274.414062
-1999.755859, -1999.755859, -422.119141
-800.048828, -491.455078, 532.226562
29.785156, -593.505859, 426.269531
211.914062, -986.083984, 545.410156
555.664062, -862.060547, 899.902344
148.437500, -881.591797, 404.296875
-,-,-
83.496094, -631.591797, 589.843750
-18.310547, -858.154297, 645.507812
-61.279297, -789.794922, 553.710938
-34.423828, -747.802734, 481.933594
-129.150391, -1005.615234, 465.820312
8.300781, -788.818359, 514.160156
56.152344, -853.271484, 606.445312
-92.529297, -999.267578, 854.492188
-1999.755859, -536.376953, 1999.755859
-1999.755859, -1222.412109, -95.947266
966.796875, 1995.117188, 203.613281
1999.755859, 1999.755859, 1999.755859
1999.755859, 197.265625, 1999.755859
-1881.591797, -185.302734, 1025.878906
-1999.755859, -1999.755859, 212.890625
-1093.994141, -308.837891, 138.671875
612.792969, -65.185547, 563.476562
112.304688, -1471.435547, 765.625000
614.257812, -587.646484, 1216.308594
-29.541016, -965.087891, 366.210938
-299.560547, -1062.255859, 190.917969
-,-,-
-16.845703, -580.322266, 651.367188
-121.337891, -828.369141, 499.023438
-200.927734, -921.630859, 498.046875
-65.673828, -758.056641, 606.933594
-52.001953, -884.521484, 521.484375
110.351562, -792.724609, 419.921875
247.558594, -729.248047, 494.140625
-366.455078, -838.623047, 953.125000
-1999.755859, -507.080078, 1999.755859
-1999.755859, -1175.048828, 413.574219
1999.755859, 1999.755859, -377.197266
1999.755859, 757.324219, 1999.755859
1113.281250, 1269.042969, 1062.011719
-1999.755859, 133.789062, 959.472656
-1999.755859, -1723.876953, 269.531250
-421.630859, -233.642578, 588.867188
139.648438, -510.009766, 531.250000
-,-,-
-141.845703, -1054.931641, 575.195312
-149.658203, -587.158203, 240.234375
62.011719, -687.255859, 986.328125
-56.884766, -806.396484, 909.179688
29.296875, -647.216797, 746.093750
65.429688, -650.146484, 811.523438
20.996094, -709.716797, 681.640625
45.898438, -632.080078, 646.484375
-34.423828, -724.365234, 692.382812
-84.716797, -656.982422, 699.218750
-1165.771484, -998.291016, 1066.894531
-1999.755859, -1660.400391, 1999.755859
-1999.755859, -252.685547, 633.789062
1999.755859, 1999.755859, 1999.755859
1999.755859, 1849.121094, 1999.755859
-1572.021484, 294.921875, 622.070312
-1999.755859, -821.533203, 661.132812
-1852.783203, -696.533203, 829.589844
-821.533203, -1096.435547, -44.677734
-,-,-
-87.158203, -1044.677734, 657.226562
107.421875, -526.123047, 698.242188
-57.861328, -896.240234, 708.496094
42.480469, -634.033203, 696.289062
61.523438, -712.646484, 717.773438
46.386719, -726.806641, 713.867188
30.761719, -642.333984, 638.671875
-76.904297, -740.966797, 640.136719
-24.658203, -717.529297, 688.476562
62.011719, -642.333984, 645.019531
40.527344, -757.080078, 646.484375
179.687500, -766.357422, 670.898438
-1457.763672, -1308.349609, 1236.328125
-1999.755859, -505.615234, 1582.519531
-1999.755859, -2.197266, 858.398438
1999.755859, 1999.755859, 513.183594
1999.755859, 1999.755859, 1999.755859
1999.755859, 1999.755859, 1999.755859
-1999.755859, 304.199219, 1210.937500
-1999.755859, -368.896484, 1508.300781
-1754.150391, -781.494141, -219.482422
-432.373047, -647.216797, 711.425781
54.199219, -1003.173828, 1154.296875
-,-,-
201.171875, -632.080078, 671.875000
-63.720703, -821.533203, 636.718750
-40.283203, -645.263672, 852.539062
-275.146484, -901.123047, 737.792969
-117.431641, -722.412109, 693.359375
-114.013672, -820.068359, 668.945312
43.945312, -649.169922, 636.718750
9.277344, -710.693359, 708.984375
-740.966797, -636.474609, 894.531250
-1999.755859, -740.966797, 1999.755859
-1999.755859, -619.873047, 864.746094
1999.755859, 1999.755859, 187.988281
1999.755859, 1999.755859, 1999.755859
970.703125, 1864.257812, 1681.640625
-1999.755859, 360.839844, 854.492188
-1999.755859, -1999.755859, 51.757812
-1171.630859, -724.365234, -40.283203
580.566406, -395.751953, 564.453125
324.218750, -1127.685547, 855.468750
-,-,-
200.195312, -734.130859, 703.613281
26.367188, -783.447266, 645.996094
95.214844, -691.162109, 698.242188
84.472656, -791.748047, 753.906250
61.523438, -686.279297, 693.359375
-2.685547, -783.447266, 626.953125
-69.091797, -871.826172, 632.812500
111.328125, -639.404297, 695.312500
67.382812, -797.607422, 656.250000
103.515625, -698.974609, 614.746094
137.695312, -700.927734, 466.796875
166.015625, -418.701172, 556.640625
-1518.798828, -180.908203, 1999.755859
-1999.755859, -1317.138672, -239.990234
-1999.755859, -489.501953, 1535.156250
1999.755859, 1999.755859, 1796.875000
1999.755859, 1999.755859, 1999.755859
-1999.755859, 139.648438, 1022.949219
-1999.755859, -964.599609, 1527.343750
-1999.755859, -1072.021484, 93.261719
-812.744141, -681.396484, 244.628906
-124.755859, -1009.521484, 1151.367188
-,-,-
-279.541016, -1140.380859, 577.636719
149.902344, -554.443359, 629.882812
119.140625, -742.919922, 697.265625
74.218750, -737.060547, 686.523438
29.785156, -708.740234, 642.089844
-66.650391, -734.130859, 600.585938
-83.740234, -761.474609, 552.734375
-73.974609, -851.806641, 581.054688
-38.330078, -765.380859, 633.789062
-2.685547, -751.708984, 636.718750
-11.474609, -736.083984, 617.187500
11.230469, -753.662109, 600.585938
-640.380859, -494.873047, 915.039062
-1999.755859, -1311.279297, 1999.755859
-1999.755859, -1128.662109, 1497.070312
1632.812500, 1999.755859, 413.574219
1999.755859, 1999.755859, 1999.755859
1999.755859, 1999.755859, 617.187500
-1999.755859, -673.095703, 1766.113281
-1999.755859, -1008.544922, 966.308594
-1187.255859, -410.888672, -535.888672
-499.755859, -940.185547, 1195.800781
-,-,-
-34.423828, -831.787109, 509.765625
54.687500, -671.630859, 611.816406
1.953125, -795.654297, 607.421875
76.171875, -688.232422, 705.078125
-10.009766, -885.498047, 684.570312
-16.357422, -792.724609, 618.164062
-58.837891, -738.037109, 560.546875
-216.064453, -853.271484, 548.828125
-163.330078, -754.150391, 598.632812
-123.779297, -820.068359, 556.640625
30.761719, -800.537109, 583.007812
-3.662109, -704.833984, 652.343750
-917.724609, -1049.560547, 953.125000
-1999.755859, -1087.158203, 1999.755859
-1999.755859, -87.158203, 1456.542969
1999.755859, 1538.085938, -1179.443359
1999.755859, 1927.734375, 1999.755859
1613.769531, 671.875000, 1869.628906
-1999.755859, -74.951172, 1066.894531
-1999.755859, -1744.873047, 488.281250
-980.224609, -649.169922, 505.859375
18.554688, -459.716797, 452.636719
-276.611328, -1396.728516, 565.429688
108.886719, -808.349609, 848.632812
102.050781, -812.255859, 707.519531
-,-,-
247.070312, -577.880859, 601.562500
-171.142578, -1092.529297, 539.062500
98.632812, -520.263672, 660.156250
-54.931641, -876.708984, 641.601562
-22.216797, -812.255859, 557.617188
62.011719, -696.533203, 608.398438
-88.134766, -943.115234, 578.613281
-46.142578, -745.849609, 543.945312
-66.162109, -788.818359, 585.937500
-94.482422, -802.490234, 596.679688
23.925781, -594.482422, 626.953125
-389.892578, -606.689453, 859.375000
-1999.755859, -1080.322266, 1640.136719
-1999.755859, -1085.205078, 1053.710938
1543.457031, 1270.996094, 750.000000
1999.755859, 1999.755859, 1999.755859
1999.755859, 1999.755859, 1549.316406
-1999.755859, -516.357422, 1108.398438
-1999.755859, -705.810547, 767.089844
-1232.666016, -861.083984, 233.886719
-149.658203, -726.806641, 1109.375000
-113.037109, -862.060547, 812.500000
-207.763672, -904.052734, 477.539062
-81.298828, -864.013672, 608.398438
-,-,-
-250.732422, -1247.802734, 503.906250
151.855469, -492.919922, 553.710938
-20.263672, -876.220703, 623.046875
67.382812, -735.107422, 637.695312
69.335938, -725.830078, 651.367188
-33.447266, -887.451172, 570.312500
-39.306641, -770.263672, 519.042969
-31.494141, -815.673828, 558.593750
-52.490234, -849.365234, 574.218750
-29.052734, -774.169922, 558.593750
-16.357422, -811.279297, 566.406250
-27.099609, -844.482422, 552.734375
-273.193359, -717.529297, 611.816406
-1999.755859, -1556.396484, 1999.755859
-1999.755859, -703.369141, 1404.296875
-350.830078, 1934.082031, 977.539062
1999.755859, 1999.755859, 1999.755859
1999.755859, 1999.755859, 1999.755859
-1999.755859, 1234.863281, 1210.937500
-1999.755859, -1110.107422, 1753.417969
-1334.228516, -738.037109, 612.792969
-425.537109, -319.091797, -90.576172
-938.720703, -1432.373047, 317.382812
-80.322266, -715.576172, 724.609375
